0905455450
0989276827
0902208216
0935567072
0935938369
0905720106
0905689579
0905596690
0935888188
0919288509
0935348952
0905232205
0905557138
0914003040
0935112014
0905550710
0978448504
0983335157
0903566166
0905511152
0935051190
0935786014
0937119161
0988259991
0905402945
0935460121
0982464847
0935813388
0913488010
0905800145
0932590325
0905519188
0918920010
0935101441
0967271034
0935303999
0905200599
0905416319
0905306745
0906544162
0972983888
0905173939
0915459745
0982013208
0906333239
0914789579
0966122929
0903500445
0905178378
0905688918
0949558511
0905938330
0914538751
0934974984
0935753570
0905763736
0946022019
0935101971
0914025952
0905560759
0905503393
0934800852
0974256531
0935647648
0947999055
0982717577
0903066976
0905714827
0983960962
0905470206
0905164927
0905646311
0979740741
0906789999
0934719168
0913414273
0935056421
0978777415
0935181861
0935055305
0905688070
0988789098
0983897793
0905333184
0905494777
0938231745
0905707062
0903163671
0905725735
0904353236
0932421379
0906558821
0903580243
0935301755
0905188515
0983766022
0935399516
9799337436
0985714690
0913401919
0935623217
0919340828
0903507137
0097940644
0983065345
0905856576
0908078792
0905118119
0903523636
0903522879
0905105256
0987876609
0905286365
0905390778
0905077099
0905445393
0982225022
0933886616
0905294999
0982190735
0914661916
0972462389
0932448588
0903048481
0905749002
0983197650
0905909295
0903552282
0988033270
0932515569
0983618420
0977069217
0912281477
0905882866
0986901050
0914071177
0905345041
0936189406
0963454545
0905103676
0905226111
0905789781
0905339539
0905531810
0905050725
0935240393
0985232329
0914016111
0905553556
0914099853
0989161789
0905473689
0906560259
0985396446
0982519333
0907405289
0906202052
0905877440
0905712752
0905708902
1682702369
0905745547
0906449837
0982786468
0922666788
0986303559
0905017709
0905858859
0935503869
0914076633
0914082533
0983512012
0905880178
0905002201
0913497344
0914057169
0905185519
0905282296
0982112150
0914097313
0914966777
0932556010
0935049872
0935133566
0916586889
0909846648
0977733765
0905087117
0905026693
0906442944
0905036646
0905800836
0936749008
0968989567
0932529939
0983783008
0905641239
0905807992
0962567898
0923314978
0906492788
0979310434
0935727976
0901126612
0903518959
0934884711
0905830047
0905750940
0978906560
0906408040
0932443359
0905088022
0905468577
0905129111
0905443000
0986151195
0914498063
0913447382